 ik      kx      ky      kz   gamma_raw  gamma_lowdin
  1   0.000   0.000   0.000      2.1116        2.1116
  2  -0.000  -0.000   0.145      0.3162        0.3162
  3  -0.000  -0.000   0.290      0.2647        0.2647
  4   0.000   0.000  -0.435      0.1849        0.1849
  5   0.000   0.000  -0.290      0.2647        0.2647
  6   0.000   0.000  -0.145      0.3162        0.3162
  7  -0.000   0.127  -0.069      0.3162        0.3162
  8  -0.000   0.127   0.076      0.3834        0.3834
  9  -0.000   0.127   0.221      0.2757        0.2757
 10   0.000   0.127  -0.504      0.1976        0.1976
 11   0.000   0.127  -0.359      0.1948        0.1948
 12  -0.000   0.127  -0.214      0.2899        0.2899
 13  -0.000   0.255  -0.138      0.2647        0.2647
 14  -0.000   0.255   0.007      0.2757        0.2757
 15  -0.001   0.255   0.151      0.1951        0.1951
 16   0.000   0.255  -0.573      0.2098        0.2098
 17  -0.000   0.255  -0.428      0.1826        0.1826
 18  -0.000   0.255  -0.283      0.1948        0.1948
 19   0.000  -0.382   0.207      0.1849        0.1849
 20   0.000  -0.382   0.352      0.1976        0.1976
 21   0.000  -0.382   0.497      0.2098        0.2098
 22   0.001  -0.382  -0.227      0.1913        0.1913
 23   0.001  -0.382  -0.082      0.2098        0.2098
 24   0.001  -0.382   0.063      0.1976        0.1976
 25   0.000  -0.255   0.138      0.2647        0.2647
 26   0.000  -0.255   0.283      0.1948        0.1948
 27   0.000  -0.255   0.428      0.1826        0.1826
 28   0.001  -0.255  -0.296      0.2098        0.2098
 29   0.001  -0.255  -0.151      0.1951        0.1951
 30   0.000  -0.255  -0.007      0.2757        0.2757
 31   0.000  -0.127   0.069      0.3162        0.3162
 32   0.000  -0.127   0.214      0.2899        0.2899
 33  -0.000  -0.127   0.359      0.1948        0.1948
 34   0.001  -0.127  -0.365      0.1976        0.1976
 35   0.000  -0.127  -0.221      0.2757        0.2757
 36   0.000  -0.127  -0.076      0.3834        0.3834
 37   0.052  -0.116  -0.069      0.3162        0.3162
 38   0.052  -0.116   0.076      0.3834        0.3834
 39   0.052  -0.116   0.221      0.2757        0.2757
 40   0.052  -0.116  -0.504      0.1976        0.1976
 41   0.052  -0.116  -0.359      0.1948        0.1948
 42   0.052  -0.116  -0.214      0.2899        0.2899
 43   0.052   0.011  -0.138      0.3834        0.3834
 44   0.052   0.011   0.007      1.8295        1.8295
 45   0.052   0.011   0.151      0.2765        0.2765
 46   0.052   0.011  -0.573      0.3041        0.3041
 47   0.052   0.011  -0.428      0.1860        0.1860
 48   0.052   0.011  -0.283      0.2110        0.2110
 49   0.052   0.138  -0.207      0.2757        0.2757
 50   0.052   0.138  -0.063      0.2765        0.2765
 51   0.051   0.138   0.082      0.4021        0.4021
 52   0.052   0.138  -0.642      0.2494        0.2494
 53   0.052   0.138  -0.497      0.2180        0.2180
 54   0.052   0.138  -0.352      0.2080        0.2080
 55   0.052  -0.498   0.138      0.1976        0.1976
 56   0.052  -0.498   0.283      0.3041        0.3041
 57   0.052  -0.498   0.428      0.2494        0.2494
 58   0.053  -0.498  -0.296      0.2099        0.2099
 59   0.053  -0.498  -0.151      0.2183        0.2183
 60   0.053  -0.498  -0.007      0.1809        0.1809
 61   0.052  -0.371   0.069      0.1948        0.1948
 62   0.052  -0.371   0.214      0.1860        0.1860
 63   0.052  -0.371   0.359      0.2180        0.2180
 64   0.053  -0.371  -0.365      0.2183        0.2183
 65   0.053  -0.371  -0.221      0.1856        0.1856
 66   0.052  -0.371  -0.076      0.2080        0.2080
 67   0.052  -0.244  -0.000      0.2899        0.2899
 68   0.052  -0.244   0.145      0.2110        0.2110
 69   0.052  -0.244   0.290      0.2080        0.2080
 70   0.053  -0.243  -0.435      0.1809        0.1809
 71   0.052  -0.243  -0.290      0.2080        0.2080
 72   0.052  -0.243  -0.145      0.2110        0.2110
 73   0.104  -0.232  -0.138      0.2647        0.2647
 74   0.104  -0.232   0.007      0.2757        0.2757
 75   0.104  -0.232   0.151      0.1951        0.1951
 76   0.104  -0.232  -0.573      0.2098        0.2098
 77   0.104  -0.232  -0.428      0.1826        0.1826
 78   0.104  -0.232  -0.283      0.1948        0.1948
 79   0.104  -0.105  -0.207      0.2757        0.2757
 80   0.104  -0.105  -0.063      0.2765        0.2765
 81   0.104  -0.105   0.082      0.4021        0.4021
 82   0.104  -0.105  -0.642      0.2494        0.2494
 83   0.104  -0.105  -0.497      0.2180        0.2180
 84   0.104  -0.105  -0.352      0.2080        0.2080
 85   0.104   0.022  -0.277      0.1951        0.1951
 86   0.104   0.022  -0.132      0.4021        0.4021
 87   0.103   0.022   0.013      1.1384        1.1384
 88   0.104   0.022  -0.711      0.3106        0.3106
 89   0.104   0.022  -0.566      0.2551        0.2551
 90   0.104   0.022  -0.421      0.1856        0.1856
 91   0.104  -0.614   0.069      0.2098        0.2098
 92   0.104  -0.614   0.214      0.2494        0.2494
 93   0.104  -0.614   0.359      0.3106        0.3106
 94   0.105  -0.614  -0.365      0.4581        0.4581
 95   0.105  -0.614  -0.221      0.2388        0.2388
 96   0.105  -0.614  -0.076      0.2183        0.2183
 97   0.104  -0.487  -0.000      0.1826        0.1826
 98   0.104  -0.487   0.145      0.2180        0.2180
 99   0.104  -0.487   0.290      0.2551        0.2551
100   0.105  -0.487  -0.435      0.2388        0.2388
101   0.105  -0.487  -0.290      0.2551        0.2551
102   0.104  -0.487  -0.145      0.2180        0.2180
103   0.104  -0.360  -0.069      0.1948        0.1948
104   0.104  -0.360   0.076      0.2080        0.2080
105   0.104  -0.360   0.221      0.1856        0.1856
106   0.105  -0.360  -0.504      0.2183        0.2183
107   0.104  -0.360  -0.359      0.2180        0.2180
108   0.104  -0.360  -0.214      0.1860        0.1860
109  -0.156   0.349   0.207      0.1849        0.1849
110  -0.156   0.349   0.352      0.1976        0.1976
111  -0.156   0.349   0.497      0.2098        0.2098
112  -0.156   0.349  -0.227      0.1913        0.1913
113  -0.156   0.349  -0.082      0.2098        0.2098
114  -0.156   0.349   0.063      0.1976        0.1976
115  -0.156   0.476   0.138      0.1976        0.1976
116  -0.156   0.476   0.283      0.3041        0.3041
117  -0.156   0.476   0.428      0.2494        0.2494
118  -0.156   0.476  -0.296      0.2099        0.2099
119  -0.156   0.476  -0.151      0.2183        0.2183
120  -0.156   0.476  -0.007      0.1809        0.1809
121  -0.156   0.603   0.069      0.2098        0.2098
122  -0.156   0.603   0.214      0.2494        0.2494
123  -0.157   0.603   0.359      0.3106        0.3106
124  -0.156   0.603  -0.365      0.4581        0.4581
125  -0.156   0.603  -0.221      0.2388        0.2388
126  -0.156   0.603  -0.076      0.2183        0.2183
127  -0.156  -0.033   0.415      0.1913        0.1913
128  -0.156  -0.033   0.560      0.2099        0.2099
129  -0.156  -0.033   0.705      0.4581        0.4581
130  -0.155  -0.033  -0.020      0.6572        0.6572
131  -0.155  -0.033   0.125      0.4581        0.4581
132  -0.155  -0.033   0.270      0.2099        0.2099
133  -0.156   0.094   0.346      0.2098        0.2098
134  -0.156   0.094   0.491      0.2183        0.2183
135  -0.156   0.094   0.635      0.2388        0.2388
136  -0.155   0.094  -0.089      0.4581        0.4581
137  -0.155   0.094   0.056      0.3106        0.3106
138  -0.156   0.094   0.201      0.2494        0.2494
139  -0.156   0.221   0.277      0.1976        0.1976
140  -0.156   0.221   0.421      0.1809        0.1809
141  -0.156   0.221   0.566      0.2183        0.2183
142  -0.155   0.221  -0.158      0.2099        0.2099
143  -0.156   0.221  -0.013      0.2494        0.2494
144  -0.156   0.221   0.132      0.3041        0.3041
145  -0.104   0.232   0.138      0.2647        0.2647
146  -0.104   0.232   0.283      0.1948        0.1948
147  -0.104   0.232   0.428      0.1826        0.1826
148  -0.104   0.233  -0.296      0.2098        0.2098
149  -0.104   0.232  -0.151      0.1951        0.1951
150  -0.104   0.232  -0.007      0.2757        0.2757
151  -0.104   0.360   0.069      0.1948        0.1948
152  -0.104   0.360   0.214      0.1860        0.1860
153  -0.104   0.360   0.359      0.2180        0.2180
154  -0.104   0.360  -0.365      0.2183        0.2183
155  -0.104   0.360  -0.221      0.1856        0.1856
156  -0.104   0.360  -0.076      0.2080        0.2080
157  -0.104   0.487   0.000      0.1826        0.1826
158  -0.104   0.487   0.145      0.2180        0.2180
159  -0.105   0.487   0.290      0.2551        0.2551
160  -0.104   0.487  -0.435      0.2388        0.2388
161  -0.104   0.487  -0.290      0.2551        0.2551
162  -0.104   0.487  -0.145      0.2180        0.2180
163  -0.104  -0.149   0.346      0.2098        0.2098
164  -0.104  -0.150   0.491      0.2183        0.2183
165  -0.104  -0.150   0.635      0.2388        0.2388
166  -0.103  -0.149  -0.089      0.4581        0.4581
167  -0.103  -0.149   0.056      0.3106        0.3106
168  -0.103  -0.149   0.201      0.2494        0.2494
169  -0.104  -0.022   0.277      0.1951        0.1951
170  -0.104  -0.022   0.421      0.1856        0.1856
171  -0.104  -0.022   0.566      0.2551        0.2551
172  -0.103  -0.022  -0.158      0.3106        0.3106
173  -0.103  -0.022  -0.013      1.1384        1.1384
174  -0.104  -0.022   0.132      0.4021        0.4021
175  -0.104   0.105   0.207      0.2757        0.2757
176  -0.104   0.105   0.352      0.2080        0.2080
177  -0.104   0.105   0.497      0.2180        0.2180
178  -0.103   0.105  -0.227      0.2494        0.2494
179  -0.104   0.105  -0.082      0.4021        0.4021
180  -0.104   0.105   0.063      0.2765        0.2765
181  -0.052   0.116   0.069      0.3162        0.3162
182  -0.052   0.116   0.214      0.2899        0.2899
183  -0.052   0.116   0.359      0.1948        0.1948
184  -0.052   0.116  -0.365      0.1976        0.1976
185  -0.052   0.116  -0.221      0.2757        0.2757
186  -0.052   0.116  -0.076      0.3834        0.3834
187  -0.052   0.244   0.000      0.2899        0.2899
188  -0.052   0.243   0.145      0.2110        0.2110
189  -0.052   0.243   0.290      0.2080        0.2080
190  -0.052   0.244  -0.435      0.1809        0.1809
191  -0.052   0.244  -0.290      0.2080        0.2080
192  -0.052   0.244  -0.145      0.2110        0.2110
193  -0.052   0.371  -0.069      0.1948        0.1948
194  -0.052   0.371   0.076      0.2080        0.2080
195  -0.053   0.371   0.221      0.1856        0.1856
196  -0.052   0.371  -0.504      0.2183        0.2183
197  -0.052   0.371  -0.359      0.2180        0.2180
198  -0.052   0.371  -0.214      0.1860        0.1860
199  -0.052  -0.266   0.277      0.1976        0.1976
200  -0.052  -0.266   0.421      0.1809        0.1809
201  -0.052  -0.266   0.566      0.2183        0.2183
202  -0.051  -0.266  -0.158      0.2099        0.2099
203  -0.051  -0.266  -0.013      0.2494        0.2494
204  -0.051  -0.266   0.132      0.3041        0.3041
205  -0.052  -0.138   0.207      0.2757        0.2757
206  -0.052  -0.138   0.352      0.2080        0.2080
207  -0.052  -0.138   0.497      0.2180        0.2180
208  -0.051  -0.138  -0.227      0.2494        0.2494
209  -0.051  -0.138  -0.082      0.4021        0.4021
210  -0.052  -0.138   0.063      0.2765        0.2765
211  -0.052  -0.011   0.138      0.3834        0.3834
212  -0.052  -0.011   0.283      0.2110        0.2110
213  -0.052  -0.011   0.428      0.1860        0.1860
214  -0.051  -0.011  -0.296      0.3041        0.3041
215  -0.052  -0.011  -0.151      0.2765        0.2765
216  -0.052  -0.011  -0.007      1.8295        1.8295
------------------------------------------------
max gamma (raw)    = 2.1116
max gamma (lowdin) = 2.1116   <-- reported spillage
JARVIS (VASP) reference for Ba3BiSb = 2.267
