 ik      kx      ky      kz   gamma_raw  gamma_lowdin
  1   0.000   0.000   0.000      2.0941        2.0941
  2   0.000   0.000   0.100      0.2226        0.2226
  3   0.000   0.000  -0.200      0.1767        0.1767
  4   0.000   0.000  -0.100      0.2226        0.2226
  5   0.113   0.065   0.000      0.2013        0.2013
  6   0.113   0.065   0.100      0.1923        0.1923
  7   0.113   0.065  -0.200      0.1828        0.1828
  8   0.113   0.065  -0.100      0.1855        0.1855
  9   0.226   0.130   0.000      0.1463        0.1463
 10   0.226   0.130   0.100      0.1363        0.1363
 11   0.226   0.130  -0.200      0.1459        0.1459
 12   0.226   0.130  -0.100      0.1458        0.1458
 13  -0.339  -0.196   0.000      0.1376        0.1376
 14  -0.339  -0.196   0.100      0.1428        0.1428
 15  -0.339  -0.196  -0.200      0.1145        0.1145
 16  -0.339  -0.196  -0.100      0.1428        0.1428
 17  -0.226  -0.130   0.000      0.1463        0.1463
 18  -0.226  -0.130   0.100      0.1458        0.1458
 19  -0.226  -0.130  -0.200      0.1459        0.1459
 20  -0.226  -0.130  -0.100      0.1363        0.1363
 21  -0.113  -0.065   0.000      0.2013        0.2013
 22  -0.113  -0.065   0.100      0.1855        0.1855
 23  -0.113  -0.065  -0.200      0.1828        0.1828
 24  -0.113  -0.065  -0.100      0.1923        0.1923
 25   0.113  -0.065   0.000      0.2013        0.2013
 26   0.113  -0.065   0.100      0.1855        0.1855
 27   0.113  -0.065  -0.200      0.1828        0.1828
 28   0.113  -0.065  -0.100      0.1923        0.1923
 29   0.226   0.000   0.000      0.1484        0.1484
 30   0.226   0.000   0.100      0.1446        0.1446
 31   0.226   0.000  -0.200      0.1424        0.1424
 32   0.226   0.000  -0.100      0.1446        0.1446
 33   0.339   0.065   0.000      0.1271        0.1271
 34   0.339   0.065   0.100      0.1278        0.1278
 35   0.339   0.065  -0.200      0.1246        0.1246
 36   0.339   0.065  -0.100      0.1251        0.1251
 37  -0.226  -0.261   0.000      0.1271        0.1271
 38  -0.226  -0.261   0.100      0.1251        0.1251
 39  -0.226  -0.261  -0.200      0.1246        0.1246
 40  -0.226  -0.261  -0.100      0.1278        0.1278
 41  -0.113  -0.196   0.000      0.1484        0.1484
 42  -0.113  -0.196   0.100      0.1446        0.1446
 43  -0.113  -0.196  -0.200      0.1424        0.1424
 44  -0.113  -0.196  -0.100      0.1446        0.1446
 45   0.000  -0.130   0.000      0.2013        0.2013
 46   0.000  -0.130   0.100      0.1923        0.1923
 47   0.000  -0.130  -0.200      0.1828        0.1828
 48   0.000  -0.130  -0.100      0.1855        0.1855
 49   0.226  -0.130   0.000      0.1463        0.1463
 50   0.226  -0.130   0.100      0.1458        0.1458
 51   0.226  -0.130  -0.200      0.1459        0.1459
 52   0.226  -0.130  -0.100      0.1363        0.1363
 53   0.339  -0.065   0.000      0.1271        0.1271
 54   0.339  -0.065   0.100      0.1251        0.1251
 55   0.339  -0.065  -0.200      0.1246        0.1246
 56   0.339  -0.065  -0.100      0.1278        0.1278
 57   0.452   0.000   0.000      0.1217        0.1217
 58   0.452   0.000   0.100      0.1197        0.1197
 59   0.452   0.000  -0.200      0.1165        0.1165
 60   0.452   0.000  -0.100      0.1197        0.1197
 61  -0.113  -0.326   0.000      0.1271        0.1271
 62  -0.113  -0.326   0.100      0.1278        0.1278
 63  -0.113  -0.326  -0.200      0.1246        0.1246
 64  -0.113  -0.326  -0.100      0.1251        0.1251
 65  -0.000  -0.261   0.000      0.1463        0.1463
 66  -0.000  -0.261   0.100      0.1363        0.1363
 67  -0.000  -0.261  -0.200      0.1459        0.1459
 68  -0.000  -0.261  -0.100      0.1458        0.1458
 69   0.113  -0.196   0.000      0.1484        0.1484
 70   0.113  -0.196   0.100      0.1446        0.1446
 71   0.113  -0.196  -0.200      0.1424        0.1424
 72   0.113  -0.196  -0.100      0.1446        0.1446
 73  -0.339   0.196   0.000      0.1376        0.1376
 74  -0.339   0.196   0.100      0.1428        0.1428
 75  -0.339   0.196  -0.200      0.1145        0.1145
 76  -0.339   0.196  -0.100      0.1428        0.1428
 77  -0.226   0.261   0.000      0.1271        0.1271
 78  -0.226   0.261   0.100      0.1278        0.1278
 79  -0.226   0.261  -0.200      0.1246        0.1246
 80  -0.226   0.261  -0.100      0.1251        0.1251
 81  -0.113   0.326   0.000      0.1271        0.1271
 82  -0.113   0.326   0.100      0.1251        0.1251
 83  -0.113   0.326  -0.200      0.1246        0.1246
 84  -0.113   0.326  -0.100      0.1278        0.1278
 85  -0.678   0.000   0.000      0.1376        0.1376
 86  -0.678   0.000   0.100      0.1428        0.1428
 87  -0.678   0.000  -0.200      0.1145        0.1145
 88  -0.678   0.000  -0.100      0.1428        0.1428
 89  -0.565   0.065   0.000      0.1271        0.1271
 90  -0.565   0.065   0.100      0.1278        0.1278
 91  -0.565   0.065  -0.200      0.1246        0.1246
 92  -0.565   0.065  -0.100      0.1251        0.1251
 93  -0.452   0.130   0.000      0.1271        0.1271
 94  -0.452   0.130   0.100      0.1251        0.1251
 95  -0.452   0.130  -0.200      0.1246        0.1246
 96  -0.452   0.130  -0.100      0.1278        0.1278
 97  -0.226   0.130   0.000      0.1463        0.1463
 98  -0.226   0.130   0.100      0.1363        0.1363
 99  -0.226   0.130  -0.200      0.1459        0.1459
100  -0.226   0.130  -0.100      0.1458        0.1458
101  -0.113   0.196   0.000      0.1484        0.1484
102  -0.113   0.196   0.100      0.1446        0.1446
103  -0.113   0.196  -0.200      0.1424        0.1424
104  -0.113   0.196  -0.100      0.1446        0.1446
105  -0.000   0.261   0.000      0.1463        0.1463
106  -0.000   0.261   0.100      0.1458        0.1458
107  -0.000   0.261  -0.200      0.1459        0.1459
108  -0.000   0.261  -0.100      0.1363        0.1363
109  -0.565  -0.065   0.000      0.1271        0.1271
110  -0.565  -0.065   0.100      0.1251        0.1251
111  -0.565  -0.065  -0.200      0.1246        0.1246
112  -0.565  -0.065  -0.100      0.1278        0.1278
113  -0.452   0.000   0.000      0.1217        0.1217
114  -0.452   0.000   0.100      0.1197        0.1197
115  -0.452   0.000  -0.200      0.1165        0.1165
116  -0.452   0.000  -0.100      0.1197        0.1197
117  -0.339   0.065   0.000      0.1271        0.1271
118  -0.339   0.065   0.100      0.1278        0.1278
119  -0.339   0.065  -0.200      0.1246        0.1246
120  -0.339   0.065  -0.100      0.1251        0.1251
121  -0.113   0.065   0.000      0.2013        0.2013
122  -0.113   0.065   0.100      0.1923        0.1923
123  -0.113   0.065  -0.200      0.1828        0.1828
124  -0.113   0.065  -0.100      0.1855        0.1855
125   0.000   0.130   0.000      0.2013        0.2013
126   0.000   0.130   0.100      0.1855        0.1855
127   0.000   0.130  -0.200      0.1828        0.1828
128   0.000   0.130  -0.100      0.1923        0.1923
129   0.113   0.196   0.000      0.1484        0.1484
130   0.113   0.196   0.100      0.1446        0.1446
131   0.113   0.196  -0.200      0.1424        0.1424
132   0.113   0.196  -0.100      0.1446        0.1446
133  -0.452  -0.130   0.000      0.1271        0.1271
134  -0.452  -0.130   0.100      0.1278        0.1278
135  -0.452  -0.130  -0.200      0.1246        0.1246
136  -0.452  -0.130  -0.100      0.1251        0.1251
137  -0.339  -0.065   0.000      0.1271        0.1271
138  -0.339  -0.065   0.100      0.1251        0.1251
139  -0.339  -0.065  -0.200      0.1246        0.1246
140  -0.339  -0.065  -0.100      0.1278        0.1278
141  -0.226   0.000   0.000      0.1484        0.1484
142  -0.226   0.000   0.100      0.1446        0.1446
143  -0.226   0.000  -0.200      0.1424        0.1424
144  -0.226   0.000  -0.100      0.1446        0.1446
------------------------------------------------
max gamma (raw)    = 2.0941
max gamma (lowdin) = 2.0941   <-- reported spillage
reference spillage = 2.075
